%YAML:1.0

#--------------------------------------------------------------------------------------------
# Camera Parameters. Adjust them!
#--------------------------------------------------------------------------------------------
File.version: "1.0"

Camera.type: "KannalaBrandt8"

# Left Camera calibration and distortion parameters (OpenCV)
Camera1.fx: 286.268310546875
Camera1.fy: 286.295989990234
Camera1.cx: 418.566589355469
Camera1.cy: 403.116088867188

# Kannala-Brandt distortion parameters
Camera1.k1: -0.00476462999
Camera1.k2: 0.0415727310
Camera1.k3: -0.0387103818
Camera1.k4: 0.00651174691

# Right Camera calibration and distortion parameters (OpenCV)
Camera2.fx: 286.08370971679688
Camera2.fy: 286.0286865234375
Camera2.cx: 414.37899780273438
Camera2.cy: 401.09240722656250

# Kannala-Brandt distortion parameters
Camera2.k1: -0.00564806396
Camera2.k2: 0.0425024405
Camera2.k3: -0.0404532216
Camera2.k4: 0.00724395085
    
# Transformation matrix from right camera to left camera
Stereo.T_c1_c2: !!opencv-matrix
  rows: 4
  cols: 4
  dt: f
  data: [ 0.999983,  -0.00209395, 0.00549909,  0.0635240152478218,
          0.00210957, 0.999994,  -0.00283477, -0.000393375812564045,
         -0.00549312, 0.00284632, 0.999981,   -0.000435372174251825,
          0.0, 0.0, 0.0, 1.0]

# Overlapping area between images (to be updated)
Camera1.overlappingBegin: 0
Camera1.overlappingEnd: 848

Camera2.overlappingBegin: 0
Camera2.overlappingEnd: 848

# Camera resolution
Camera.width: 848
Camera.height: 800

# Camera frames per second 
Camera.fps: 30

# Color order of the images (0: BGR, 1: RGB. It is ignored if images are grayscale)
Camera.RGB: 1

# Close/Far threshold. Baseline times.
Stereo.ThDepth: 40.0

#--------------------------------------------------------------------------------------------
# IMU Parameters
#--------------------------------------------------------------------------------------------

# Transformation from body-frame (imu) to left camera
IMU.T_b_c1: !!opencv-matrix
   rows: 4
   cols: 4
   dt: f
   data: [-0.999808,   -0.0179892, 0.00770982, 0.0106999985873699, 
           0.0179675, -0.999834,  -0.00287004, 5.82076609134674e-11,
           0.00776017, -0.00273096, 0.999966,  1.45519152283669e-11,
           0.0, 0.0, 0.0, 1.0]

# Do not insert KFs when recently lost
IMU.InsertKFsWhenLost: 0

# IMU noise
IMU.NoiseGyro: 1e-3 # 0.000005148030141 # rad/s^0.5 
IMU.NoiseAcc: 1e-2 # 0.000066952452471 # m/s^1.5
IMU.GyroWalk: 0.000000499999999 # rad/s^1.5
IMU.AccWalk: 0.000099999997474 # m/s^2.5
IMU.Frequency: 200.0

#--------------------------------------------------------------------------------------------
# ORB Parameters
#--------------------------------------------------------------------------------------------

# ORB Extractor: Number of features per image
ORBextractor.nFeatures: 500 # Tested with 1250

# ORB Extractor: Scale factor between levels in the scale pyramid 	
ORBextractor.scaleFactor: 1.2

# ORB Extractor: Number of levels in the scale pyramid	
ORBextractor.nLevels: 8

# ORB Extractor: Fast threshold
# Image is divided in a grid. At each cell FAST are extracted imposing a minimum response.
# Firstly we impose iniThFAST. If no corners are detected we impose a lower value minThFAST
# You can lower these values if your images have low contrast			
ORBextractor.iniThFAST: 15
ORBextractor.minThFAST: 7

#--------------------------------------------------------------------------------------------
# Viewer Parameters
#--------------------------------------------------------------------------------------------
Viewer.KeyFrameSize: 0.05
Viewer.KeyFrameLineWidth: 1.0
Viewer.GraphLineWidth: 0.9
Viewer.PointSize: 2.0
Viewer.CameraSize: 0.08
Viewer.CameraLineWidth: 3.0
Viewer.ViewpointX: 0.0
Viewer.ViewpointY: -0.7
Viewer.ViewpointZ: -3.5
Viewer.ViewpointF: 500.0
Viewer.imageViewScale: 2.0
